       0         0  0  1  1         1  0     99999  1   0   0  1.000000 0
       1         0  0  0  0     99999  0     99999  0   0   0  1.000000 0
       2         0  0  0  0     99999  0     99999  0   0   0  1.000000 0
       3         0  0  0  0     99999  0     99999  0   0   0  1.000000 0
       4         0  0  0  0     99999  0     99999  0   0   0  1.000000 0
       5         1  0  1  1         1  0     99999  1   0   0  1.000000 0
       6         1  0  0  0     99999  0     99999  0   0   0  1.000000 0
       7         1  0  0  0     99999  0     99999  0   0   0  1.000000 0
       8         1  0  0  0     99999  0     99999  0   0   0  1.000000 0
       9         1  0  0  0     99999  0     99999  0   0   0  1.000000 0
      10         2  0  1  1         1  0     99999  1   0   0  1.000000 0
      11         2  0  0  0     99999  0     99999  0   0   0  1.000000 0
      12         2  0  0  0     99999  0     99999  0   0   0  1.000000 0
      13         2  0  0  0     99999  0     99999  0   0   0  1.000000 0
      14         2  0  0  0     99999  0     99999  0   0   0  1.000000 0
      15         3  0  1  1         1  0     99999  1   0   0  1.000000 0
      16         3  0  0  0     99999  0     99999  0   0   0  1.000000 0
      17         3  0  0  0     99999  0     99999  0   0   0  1.000000 0
      18         3  0  0  0     99999  0     99999  0   0   0  1.000000 0
      19         3  0  0  0     99999  0     99999  0   0   0  1.000000 0
      20         4  0  1  1         1  0     99999  1   0   0  1.000000 0
      21         4  0  0  0     99999  0     99999  0   0   0  1.000000 0
      22         4  0  0  0     99999  0     99999  0   0   0  1.000000 0
      23         4  0  0  0     99999  0     99999  0   0   0  1.000000 0
      24         4  0  0  0     99999  0     99999  0   0   0  1.000000 0
      25         5  0  1  1         1  0     99999  1   0   0  1.000000 0
      26         5  0  0  0     99999  0     99999  0   0   0  1.000000 0
      27         5  0  0  0     99999  0     99999  0   0   0  1.000000 0
      28         5  0  0  0     99999  0     99999  0   0   0  1.000000 0
      29         5  0  0  0     99999  0     99999  0   0   0  1.000000 0
      30         6  0  1  1         1  0     99999  1   0   0  1.000000 0
      31         6  0  0  0     99999  0     99999  0   0   0  1.000000 0
      32         6  0  0  0     99999  0     99999  0   0   0  1.000000 0
      33         6  0  0  0     99999  0     99999  0   0   0  1.000000 0
      34         6  0  0  0     99999  0     99999  0   0   0  1.000000 0
      35         7  0  1  1         1  0     99999  1   0   0  1.000000 0
      36         7  0  0  0     99999  0     99999  0   0   0  1.000000 0
      37         7  0  0  0     99999  0     99999  0   0   0  1.000000 0
      38         7  0  0  0     99999  0     99999  0   0   0  1.000000 0
      39         7  0  0  0     99999  0     99999  0   0   0  1.000000 0
      40         8  0  1  1         1  0     99999  1   0   0  1.000000 0
      41         8  0  0  0     99999  0     99999  0   0   0  1.000000 0
      42         8  0  0  0     99999  0     99999  0   0   0  1.000000 0
      43         8  0  0  0     99999  0     99999  0   0   0  1.000000 0
      44         8  0  0  0     99999  0     99999  0   0   0  1.000000 0
      45         9  0  1  1         1  0     99999  1   0   0  1.000000 0
      46         9  0  0  0     99999  0     99999  0   0   0  1.000000 0
      47         9  0  0  0     99999  0     99999  0   0   0  1.000000 0
      48         9  0  0  0     99999  0     99999  0   0   0  1.000000 0
      49         9  0  0  0     99999  0     99999  0   0   0  1.000000 0
      50        10  0  1  1         1  0     99999  1   0   0  1.000000 0
      51        10  0  0  0     99999  0     99999  0   0   0  1.000000 0
      52        10  0  0  0     99999  0     99999  0   0   0  1.000000 0
      53        10  0  0  0     99999  0     99999  0   0   0  1.000000 0
      54        10  0  0  0     99999  0     99999  0   0   0  1.000000 0
      55        11  0  1  1         1  0     99999  1   0   0  1.000000 0
      56        11  0  0  0     99999  0     99999  0   0   0  1.000000 0
      57        11  0  0  0     99999  0     99999  0   0   0  1.000000 0
      58        11  0  0  0     99999  0     99999  0   0   0  1.000000 0
      59        11  0  0  0     99999  0     99999  0   0   0  1.000000 0
      60        12  0  1  1         1  0     99999  1   0   0  1.000000 0
      61        12  0  0  0     99999  0     99999  0   0   0  1.000000 0
      62        12  0  0  0     99999  0     99999  0   0   0  1.000000 0
      63        12  0  0  0     99999  0     99999  0   0   0  1.000000 0
      64        12  0  0  0     99999  0     99999  0   0   0  1.000000 0
      65        13  0  1  1         1  0     99999  1   0   0  1.000000 0
      66        13  0  0  0     99999  0     99999  0   0   0  1.000000 0
      67        13  0  0  0     99999  0     99999  0   0   0  1.000000 0
      68        13  0  0  0     99999  0     99999  0   0   0  1.000000 0
      69        13  0  0  0     99999  0     99999  0   0   0  1.000000 0
      70        14  0  1  1         1  0     99999  1   0   0  1.000000 0
      71        14  0  0  0     99999  0     99999  0   0   0  1.000000 0
      72        14  0  0  0     99999  0     99999  0   0   0  1.000000 0
      73        14  0  0  0     99999  0     99999  0   0   0  1.000000 0
      74        14  0  0  0     99999  0     99999  0   0   0  1.000000 0
      75        15  0  1  1         1  0     99999  1   0   0  1.000000 0
      76        15  0  0  0     99999  0     99999  0   0   0  1.000000 0
      77        15  0  0  0     99999  0     99999  0   0   0  1.000000 0
      78        15  0  0  0     99999  0     99999  0   0   0  1.000000 0
      79        15  0  0  0     99999  0     99999  0   0   0  1.000000 0
      80        16  0  1  1         1  0     99999  1   0   0  1.000000 0
      81        16  0  0  0     99999  0     99999  0   0   0  1.000000 0
      82        16  0  0  0     99999  0     99999  0   0   0  1.000000 0
      83        16  0  0  0     99999  0     99999  0   0   0  1.000000 0
      84        16  0  0  0     99999  0     99999  0   0   0  1.000000 0
      85        17  0  1  1         1  0     99999  1   0   0  1.000000 0
      86        17  0  0  0     99999  0     99999  0   0   0  1.000000 0
      87        17  0  0  0     99999  0     99999  0   0   0  1.000000 0
      88        17  0  0  0     99999  0     99999  0   0   0  1.000000 0
      89        17  0  0  0     99999  0     99999  0   0   0  1.000000 0
      90        18  0  1  1         1  0     99999  1   0   0  1.000000 0
      91        18  0  0  0     99999  0     99999  0   0   0  1.000000 0
      92        18  0  0  0     99999  0     99999  0   0   0  1.000000 0
      93        18  0  0  0     99999  0     99999  0   0   0  1.000000 0
      94        18  0  0  0     99999  0     99999  0   0   0  1.000000 0
      95        19  0  1  1         1  0     99999  1   0   0  1.000000 0
      96        19  0  0  0     99999  0     99999  0   0   0  1.000000 0
      97        19  0  0  0     99999  0     99999  0   0   0  1.000000 0
      98        19  0  0  0     99999  0     99999  0   0   0  1.000000 0
      99        19  0  0  0     99999  0     99999  0   0   0  1.000000 0
     100        20  0  1  1         1  0     99999  1   0   0  1.000000 0
     101        20  0  0  0     99999  0     99999  0   0   0  1.000000 0
     102        20  0  0  0     99999  0     99999  0   0   0  1.000000 0
     103        20  0  0  0     99999  0     99999  0   0   0  1.000000 0
     104        20  0  0  0     99999  0     99999  0   0   0  1.000000 0
     105        21  0  1  1         1  0     99999  1   0   0  1.000000 0
     106        21  0  0  0     99999  0     99999  0   0   0  1.000000 0
     107        21  0  0  0     99999  0     99999  0   0   0  1.000000 0
     108        21  0  0  0     99999  0     99999  0   0   0  1.000000 0
     109        21  0  0  0     99999  0     99999  0   0   0  1.000000 0
     110        22  0  1  1         1  0     99999  1   0   0  1.000000 0
     111        22  0  0  0     99999  0     99999  0   0   0  1.000000 0
     112        22  0  0  0     99999  0     99999  0   0   0  1.000000 0
     113        22  0  0  0     99999  0     99999  0   0   0  1.000000 0
     114        22  0  0  0     99999  0     99999  0   0   0  1.000000 0
     115        23  0  1  1         1  0     99999  1   0   0  1.000000 0
     116        23  0  0  0     99999  0     99999  0   0   0  1.000000 0
     117        23  0  0  0     99999  0     99999  0   0   0  1.000000 0
     118        23  0  0  0     99999  0     99999  0   0   0  1.000000 0
     119        23  0  0  0     99999  0     99999  0   0   0  1.000000 0
     120        24  0  1  1         1  0     99999  1   0   0  1.000000 0
     121        24  0  0  0     99999  0     99999  0   0   0  1.000000 0
     122        24  0  0  0     99999  0     99999  0   0   0  1.000000 0
     123        24  0  0  0     99999  0     99999  0   0   0  1.000000 0
     124        24  0  0  0     99999  0     99999  0   0   0  1.000000 0
     125        25  0  1  1         1  0     99999  1   0   0  1.000000 0
     126        25  0  0  0     99999  0     99999  0   0   0  1.000000 0
     127        25  0  0  0     99999  0     99999  0   0   0  1.000000 0
     128        25  0  0  0     99999  0     99999  0   0   0  1.000000 0
     129        25  0  0  0     99999  0     99999  0   0   0  1.000000 0
     130        26  0  1  1         1  0     99999  1   0   0  1.000000 0
     131        26  0  0  0     99999  0     99999  0   0   0  1.000000 0
     132        26  0  0  0     99999  0     99999  0   0   0  1.000000 0
     133        26  0  0  0     99999  0     99999  0   0   0  1.000000 0
     134        26  0  0  0     99999  0     99999  0   0   0  1.000000 0
     135        27  0  1  1         1  0     99999  1   0   0  1.000000 0
     136        27  0  0  0     99999  0     99999  0   0   0  1.000000 0
     137        27  0  0  0     99999  0     99999  0   0   0  1.000000 0
     138        27  0  0  0     99999  0     99999  0   0   0  1.000000 0
     139        27  0  0  0     99999  0     99999  0   0   0  1.000000 0
     140        28  0  1  1         1  0     99999  1   0   0  1.000000 0
     141        28  0  0  0     99999  0     99999  0   0   0  1.000000 0
     142        28  0  0  0     99999  0     99999  0   0   0  1.000000 0
     143        28  0  0  0     99999  0     99999  0   0   0  1.000000 0
     144        28  0  0  0     99999  0     99999  0   0   0  1.000000 0
     145        29  0  1  1         1  0     99999  1   0   0  1.000000 0
     146        29  0  0  0     99999  0     99999  0   0   0  1.000000 0
     147        29  0  0  0     99999  0     99999  0   0   0  1.000000 0
     148        29  0  0  0     99999  0     99999  0   0   0  1.000000 0
     149        29  0  0  0     99999  0     99999  0   0   0  1.000000 0
     150        30  0  1  1         1  0     99999  1   0   0  1.000000 0
     151        30  0  0  0     99999  0     99999  0   0   0  1.000000 0
     152        30  0  0  0     99999  0     99999  0   0   0  1.000000 0
     153        30  0  0  0     99999  0     99999  0   0   0  1.000000 0
     154        30  0  0  0     99999  0     99999  0   0   0  1.000000 0
     155        31  0  1  1         1  0     99999  1   0   0  1.000000 0
     156        31  0  0  0     99999  0     99999  0   0   0  1.000000 0
     157        31  0  0  0     99999  0     99999  0   0   0  1.000000 0
     158        31  0  0  0     99999  0     99999  0   0   0  1.000000 0
     159        31  0  0  0     99999  0     99999  0   0   0  1.000000 0
     160        32  0  1  1         1  0     99999  1   0   0  1.000000 0
     161        32  0  0  0     99999  0     99999  0   0   0  1.000000 0
     162        32  0  0  0     99999  0     99999  0   0   0  1.000000 0
     163        32  0  0  0     99999  0     99999  0   0   0  1.000000 0
     164        32  0  0  0     99999  0     99999  0   0   0  1.000000 0
     165        33  0  1  1         1  0     99999  1   0   0  1.000000 0
     166        33  0  0  0     99999  0     99999  0   0   0  1.000000 0
     167        33  0  0  0     99999  0     99999  0   0   0  1.000000 0
     168        33  0  0  0     99999  0     99999  0   0   0  1.000000 0
     169        33  0  0  0     99999  0     99999  0   0   0  1.000000 0
     170        34  0  1  1         1  0     99999  1   0   0  1.000000 0
     171        34  0  0  0     99999  0     99999  0   0   0  1.000000 0
     172        34  0  0  0     99999  0     99999  0   0   0  1.000000 0
     173        34  0  0  0     99999  0     99999  0   0   0  1.000000 0
     174        34  0  0  0     99999  0     99999  0   0   0  1.000000 0
     175        35  0  1  1         1  0     99999  1   0   0  1.000000 0
     176        35  0  0  0     99999  0     99999  0   0   0  1.000000 0
     177        35  0  0  0     99999  0     99999  0   0   0  1.000000 0
     178        35  0  0  0     99999  0     99999  0   0   0  1.000000 0
     179        35  0  0  0     99999  0     99999  0   0   0  1.000000 0
     180        36  0  1  1         1  0     99999  1   0   0  1.000000 0
     181        36  0  0  0     99999  0     99999  0   0   0  1.000000 0
     182        36  0  0  0     99999  0     99999  0   0   0  1.000000 0
     183        36  0  0  0     99999  0     99999  0   0   0  1.000000 0
     184        36  0  0  0     99999  0     99999  0   0   0  1.000000 0
     185        37  0  1  1         1  0     99999  1   0   0  1.000000 0
     186        37  0  0  0     99999  0     99999  0   0   0  1.000000 0
     187        37  0  0  0     99999  0     99999  0   0   0  1.000000 0
     188        37  0  0  0     99999  0     99999  0   0   0  1.000000 0
     189        37  0  0  0     99999  0     99999  0   0   0  1.000000 0
     190        38  0  1  1         1  0     99999  1   0   0  1.000000 0
     191        38  0  0  0     99999  0     99999  0   0   0  1.000000 0
     192        38  0  0  0     99999  0     99999  0   0   0  1.000000 0
     193        38  0  0  0     99999  0     99999  0   0   0  1.000000 0
     194        38  0  0  0     99999  0     99999  0   0   0  1.000000 0
     195        39  0  1  1         1  0     99999  1   0   0  1.000000 0
     196        39  0  0  0     99999  0     99999  0   0   0  1.000000 0
     197        39  0  0  0     99999  0     99999  0   0   0  1.000000 0
     198        39  0  0  0     99999  0     99999  0   0   0  1.000000 0
     199        39  0  0  0     99999  0     99999  0   0   0  1.000000 0
     200        40  0  1  1         1  0     99999  1   0   0  1.000000 0
     201        40  0  0  0     99999  0     99999  0   0   0  1.000000 0
     202        40  0  0  0     99999  0     99999  0   0   0  1.000000 0
     203        40  0  0  0     99999  0     99999  0   0   0  1.000000 0
     204        40  0  0  0     99999  0     99999  0   0   0  1.000000 0
     205        41  0  1  1         1  0     99999  1   0   0  1.000000 0
     206        41  0  0  0     99999  0     99999  0   0   0  1.000000 0
     207        41  0  0  0     99999  0     99999  0   0   0  1.000000 0
     208        41  0  0  0     99999  0     99999  0   0   0  1.000000 0
     209        41  0  0  0     99999  0     99999  0   0   0  1.000000 0
     210        42  0  1  1         1  0     99999  1   0   0  1.000000 0
     211        42  0  0  0     99999  0     99999  0   0   0  1.000000 0
     212        42  0  0  0     99999  0     99999  0   0   0  1.000000 0
     213        42  0  0  0     99999  0     99999  0   0   0  1.000000 0
     214        42  0  0  0     99999  0     99999  0   0   0  1.000000 0
     215        43  0  1  1         1  0     99999  1   0   0  1.000000 0
     216        43  0  0  0     99999  0     99999  0   0   0  1.000000 0
     217        43  0  0  0     99999  0     99999  0   0   0  1.000000 0
     218        43  0  0  0     99999  0     99999  0   0   0  1.000000 0
     219        43  0  0  0     99999  0     99999  0   0   0  1.000000 0
     220        44  0  1  1         1  0     99999  1   0   0  1.000000 0
     221        44  0  0  0     99999  0     99999  0   0   0  1.000000 0
     222        44  0  0  0     99999  0     99999  0   0   0  1.000000 0
     223        44  0  0  0     99999  0     99999  0   0   0  1.000000 0
     224        44  0  0  0     99999  0     99999  0   0   0  1.000000 0
     225        45  0  1  1         1  0     99999  1   0   0  1.000000 0
     226        45  0  0  0     99999  0     99999  0   0   0  1.000000 0
     227        45  0  0  0     99999  0     99999  0   0   0  1.000000 0
     228        45  0  0  0     99999  0     99999  0   0   0  1.000000 0
     229        45  0  0  0     99999  0     99999  0   0   0  1.000000 0
     230        46  0  1  1         1  0     99999  1   0   0  1.000000 0
     231        46  0  0  0     99999  0     99999  0   0   0  1.000000 0
     232        46  0  0  0     99999  0     99999  0   0   0  1.000000 0
     233        46  0  0  0     99999  0     99999  0   0   0  1.000000 0
     234        46  0  0  0     99999  0     99999  0   0   0  1.000000 0
     235        47  0  1  1         1  0     99999  1   0   0  1.000000 0
     236        47  0  0  0     99999  0     99999  0   0   0  1.000000 0
     237        47  0  0  0     99999  0     99999  0   0   0  1.000000 0
     238        47  0  0  0     99999  0     99999  0   0   0  1.000000 0
     239        47  0  0  0     99999  0     99999  0   0   0  1.000000 0
     240        48  0  1  1         1  0     99999  1   0   0  1.000000 0
     241        48  0  0  0     99999  0     99999  0   0   0  1.000000 0
     242        48  0  0  0     99999  0     99999  0   0   0  1.000000 0
     243        48  0  0  0     99999  0     99999  0   0   0  1.000000 0
     244        48  0  0  0     99999  0     99999  0   0   0  1.000000 0
     245        49  0  1  1         1  0     99999  1   0   0  1.000000 0
     246        49  0  0  0     99999  0     99999  0   0   0  1.000000 0
     247        49  0  0  0     99999  0     99999  0   0   0  1.000000 0
     248        49  0  0  0     99999  0     99999  0   0   0  1.000000 0
     249        49  0  0  0     99999  0     99999  0   0   0  1.000000 0
     250        50  0  1  1         1  0     99999  1   0   0  1.000000 0
     251        50  0  0  0     99999  0     99999  0   0   0  1.000000 0
     252        50  0  0  0     99999  0     99999  0   0   0  1.000000 0
     253        50  0  0  0     99999  0     99999  0   0   0  1.000000 0
     254        50  0  0  0     99999  0     99999  0   0   0  1.000000 0
     255        51  0  1  1         1  0     99999  1   0   0  1.000000 0
     256        51  0  0  0     99999  0     99999  0   0   0  1.000000 0
     257        51  0  0  0     99999  0     99999  0   0   0  1.000000 0
     258        51  0  0  0     99999  0     99999  0   0   0  1.000000 0
     259        51  0  0  0     99999  0     99999  0   0   0  1.000000 0
     260        52  0  1  1         1  0     99999  1   0   0  1.000000 0
     261        52  0  0  0     99999  0     99999  0   0   0  1.000000 0
     262        52  0  0  0     99999  0     99999  0   0   0  1.000000 0
     263        52  0  0  0     99999  0     99999  0   0   0  1.000000 0
     264        52  0  0  0     99999  0     99999  0   0   0  1.000000 0
     265        53  0  1  1         1  0     99999  1   0   0  1.000000 0
     266        53  0  0  0     99999  0     99999  0   0   0  1.000000 0
     267        53  0  0  0     99999  0     99999  0   0   0  1.000000 0
     268        53  0  0  0     99999  0     99999  0   0   0  1.000000 0
     269        53  0  0  0     99999  0     99999  0   0   0  1.000000 0
     270        54  0  1  1         1  0     99999  1   0   0  1.000000 0
     271        54  0  0  0     99999  0     99999  0   0   0  1.000000 0
     272        54  0  0  0     99999  0     99999  0   0   0  1.000000 0
     273        54  0  0  0     99999  0     99999  0   0   0  1.000000 0
     274        54  0  0  0     99999  0     99999  0   0   0  1.000000 0
     275        55  0  1  1         1  0     99999  1   0   0  1.000000 0
     276        55  0  0  0     99999  0     99999  0   0   0  1.000000 0
     277        55  0  0  0     99999  0     99999  0   0   0  1.000000 0
     278        55  0  0  0     99999  0     99999  0   0   0  1.000000 0
     279        55  0  0  0     99999  0     99999  0   0   0  1.000000 0
     280        56  0  1  1         1  0     99999  1   0   0  1.000000 0
     281        56  0  0  0     99999  0     99999  0   0   0  1.000000 0
     282        56  0  0  0     99999  0     99999  0   0   0  1.000000 0
     283        56  0  0  0     99999  0     99999  0   0   0  1.000000 0
     284        56  0  0  0     99999  0     99999  0   0   0  1.000000 0
     285        57  0  1  1         1  0     99999  1   0   0  1.000000 0
     286        57  0  0  0     99999  0     99999  0   0   0  1.000000 0
     287        57  0  0  0     99999  0     99999  0   0   0  1.000000 0
     288        57  0  0  0     99999  0     99999  0   0   0  1.000000 0
     289        57  0  0  0     99999  0     99999  0   0   0  1.000000 0
     290        58  0  1  1         1  0     99999  1   0   0  1.000000 0
     291        58  0  0  0     99999  0     99999  0   0   0  1.000000 0
     292        58  0  0  0     99999  0     99999  0   0   0  1.000000 0
     293        58  0  0  0     99999  0     99999  0   0   0  1.000000 0
     294        58  0  0  0     99999  0     99999  0   0   0  1.000000 0
     295        59  0  1  1         1  0     99999  1   0   0  1.000000 0
     296        59  0  0  0     99999  0     99999  0   0   0  1.000000 0
     297        59  0  0  0     99999  0     99999  0   0   0  1.000000 0
     298        59  0  0  0     99999  0     99999  0   0   0  1.000000 0
     299        59  0  0  0     99999  0     99999  0   0   0  1.000000 0
