     1    0    0  1.521413e-001  2.231020e-002  1.133574e-001  2.011837e-001
     1    0    0  1.829647e-001  2.257916e-002  1.427747e-001  2.314138e-001
     1    0    0  1.433689e-001  2.211345e-002  1.052226e-001  1.923711e-001
     1    0    0  1.787580e-001  2.374696e-002  1.368345e-001  2.301021e-001
     1    0    0  1.537248e-001  2.216086e-002  1.151117e-001  2.023286e-001
     1    0    0  1.758708e-001  2.289730e-002  1.353789e-001  2.253176e-001
     1    0    0  1.431799e-001  2.197626e-002  1.052476e-001  1.918521e-001
     1    0    0  1.889982e-001  2.307728e-002  1.478420e-001  2.384060e-001
     1    0    0  1.626998e-001  2.247733e-002  1.232864e-001  2.116712e-001
     1    0    0  1.440102e-001  2.148176e-002  1.067925e-001  1.914190e-001
     1    0    0  1.585016e-001  2.227204e-002  1.195492e-001  2.071597e-001
     1    0    0  1.583736e-001  2.205958e-002  1.197544e-001  2.065248e-001
     1    0    0  1.486377e-001  2.238338e-002  1.098754e-001  1.980322e-001
     1    0    0  1.567693e-001  2.173953e-002  1.187005e-001  2.042181e-001
     1    0    0  1.273820e-001  2.022558e-002  9.271360e-002  1.725486e-001
     1    0    0  1.529057e-001  2.197572e-002  1.146062e-001  2.010972e-001
     1    0    0  1.311313e-001  2.143239e-002  9.451712e-002  1.791232e-001
     1    0    0  1.649819e-001  2.304503e-002  1.246093e-001  2.152191e-001
     1    0    0  1.562515e-001  2.250576e-002  1.170180e-001  2.055766e-001
     1    0    0  1.901848e-001  2.351557e-002  1.482907e-001  2.405714e-001
     1    0    0  1.783554e-001  2.458417e-002  1.351306e-001  2.317026e-001
     1    0    0  1.200419e-001  2.055638e-002  8.521924e-002  1.665040e-001
     1    0    0  1.954669e-001  2.395395e-002  1.527206e-001  2.466942e-001
     1    0    0  1.615094e-001  2.289131e-002  1.214952e-001  2.115291e-001
     1    0    0  1.702286e-001  2.251617e-002  1.305116e-001  2.189881e-001
     1    0    0  1.796521e-001  2.294431e-002  1.389728e-001  2.290708e-001
     1    0    0  1.625334e-001  2.201615e-002  1.238444e-001  2.104064e-001
     1    0    0  1.528714e-001  2.211184e-002  1.143643e-001  2.013957e-001
     1    0    0  1.826508e-001  2.365572e-002  1.407514e-001  2.336315e-001
     1    0    0  1.242420e-001  2.118445e-002  8.830821e-002  1.720387e-001
     1    0    0  1.412676e-001  2.184690e-002  1.036067e-001  1.897209e-001
     1    0    0  2.323528e-001  2.469706e-002  1.874810e-001  2.842077e-001
     1    0    0  1.560973e-001  2.250011e-002  1.168780e-001  2.054158e-001
     1    0    0  1.532918e-001  2.231622e-002  1.144563e-001  2.022941e-001
     1    0    0  1.271486e-001  2.066909e-002  9.183472e-002  1.734485e-001
     1    0    0  1.767483e-001  2.406662e-002  1.343872e-001  2.289310e-001
     1    0    0  1.435873e-001  2.236639e-002  1.050526e-001  1.932055e-001
     1    0    0  1.548300e-001  2.236294e-002  1.158670e-001  2.038739e-001
     1    0    0  1.955889e-001  2.351196e-002  1.535535e-001  2.457900e-001
     1    0    0  1.589314e-001  2.162462e-002  1.209700e-001  2.060136e-001
     1    0    0  1.818628e-001  2.320507e-002  1.407035e-001  2.318140e-001
     1    0    0  1.359544e-001  2.095341e-002  9.984805e-002  1.824705e-001
     1    0    0  1.432846e-001  2.223893e-002  1.049534e-001  1.926027e-001
     1    0    0  1.527422e-001  2.256910e-002  1.135409e-001  2.023881e-001
     1    0    0  1.651823e-001  2.280251e-002  1.251798e-001  2.148288e-001
     1    0    0  1.758985e-001  2.299477e-002  1.352515e-001  2.255744e-001
     1    0    0  1.180943e-001  2.053549e-002  8.339662e-002  1.646351e-001
     1    0    0  2.074898e-001  2.350237e-002  1.651694e-001  2.573116e-001
     1    0    0  1.932167e-001  2.417168e-002  1.501833e-001  2.450255e-001
     1    0    0  1.841665e-001  2.262033e-002  1.438774e-001  2.326714e-001
     1    0    0  1.353514e-001  2.128465e-002  9.877450e-002  1.827269e-001
     1    0    0  1.795776e-001  2.307469e-002  1.386932e-001  2.293054e-001
     1    0    0  1.257455e-001  2.065632e-002  9.051264e-002  1.720980e-001
     1    0    0  1.701944e-001  2.318952e-002  1.294219e-001  2.205575e-001
     1    0    0  1.422010e-001  2.092551e-002  1.058960e-001  1.883308e-001
     1    0    0  1.222270e-001  2.053461e-002  8.733256e-002  1.684898e-001
     1    0    0  1.501522e-001  2.164477e-002  1.124591e-001  1.976654e-001
     1    0    0  1.542462e-001  2.236535e-002  1.153007e-001  2.033232e-001
     1    0    0  1.409458e-001  2.037326e-002  1.055285e-001  1.857808e-001
     1    0    0  1.514681e-001  2.161739e-002  1.137702e-001  1.988544e-001
     1    0    0  1.491659e-001  2.214439e-002  1.107462e-001  1.979471e-001
     1    0    0  1.888752e-001  2.448124e-002  1.454753e-001  2.415626e-001
     1    0    0  1.548860e-001  2.300909e-002  1.149331e-001  2.055025e-001
     1    0    0  1.647767e-001  2.238983e-002  1.254312e-001  2.134520e-001
     1    0    0  1.580530e-001  2.202527e-002  1.194979e-001  2.061354e-001
     1    0    0  1.359250e-001  2.059102e-002  1.003646e-001  1.815424e-001
     1    0    0  1.492051e-001  2.151988e-002  1.117374e-001  1.964578e-001
     1    0    0  1.649984e-001  2.281950e-002  1.249756e-001  2.146934e-001
     1    0    0  1.848918e-001  2.324639e-002  1.435788e-001  2.348326e-001
     1    0    0  1.849527e-001  2.211675e-002  1.454541e-001  2.322620e-001
     1    0    0  1.639168e-001  2.228541e-002  1.247623e-001  2.123775e-001
     1    0    0  1.624429e-001  2.220457e-002  1.234627e-001  2.107708e-001
     1    0    0  1.933730e-001  2.394114e-002  1.507056e-001  2.446408e-001
     1    0    0  1.498446e-001  2.137809e-002  1.125717e-001  1.967228e-001
     1    0    0  1.567913e-001  2.272650e-002  1.171994e-001  2.066276e-001
     1    0    0  8.623499e-002  1.831932e-002  5.645692e-002  1.295627e-001
     1    0    0  1.959131e-001  2.414344e-002  1.528490e-001  2.475645e-001
     1    0    0  1.483939e-001  2.163803e-002  1.107747e-001  1.959729e-001
     1    0    0  1.693039e-001  2.223316e-002  1.300613e-001  2.174275e-001
     1    0    0  1.359317e-001  2.085680e-002  9.997122e-002  1.822086e-001
     1    0    0  1.333840e-001  2.135190e-002  9.679022e-002  1.810397e-001
     1    0    0  1.906302e-001  2.293049e-002  1.496672e-001  2.396450e-001
     1    0    0  1.891740e-001  2.324250e-002  1.477471e-001  2.389598e-001
     1    0    0  1.770174e-001  2.311141e-002  1.361518e-001  2.269266e-001
     1    0    0  1.499210e-001  2.158047e-002  1.123347e-001  1.972882e-001
     1    0    0  1.697694e-001  2.264085e-002  1.298706e-001  2.188429e-001
     1    0    0  2.263731e-001  2.298411e-002  1.845020e-001  2.745474e-001
     1    0    0  1.143298e-001  1.931720e-002  8.157268e-002  1.579786e-001
     1    0    0  1.838248e-001  2.354053e-002  1.420735e-001  2.344920e-001
     1    0    0  1.693125e-001  2.337663e-002  1.282773e-001  2.201595e-001
     1    0    0  1.674407e-001  2.226821e-002  1.282007e-001  2.157195e-001
     1    0    0  1.817572e-001  2.219881e-002  1.422111e-001  2.293598e-001
     1    0    0  1.892990e-001  2.395384e-002  1.467275e-001  2.407373e-001
     1    0    0  2.016542e-001  2.340725e-002  1.596327e-001  2.514278e-001
     1    0    0  1.598077e-001  2.244958e-002  1.205355e-001  2.088368e-001
     1    0    0  1.457525e-001  2.188957e-002  1.078499e-001  1.940778e-001
     1    0    0  1.248837e-001  2.080489e-002  8.947233e-002  1.716679e-001
     1    0    0  1.875387e-001  2.430139e-002  1.444655e-001  2.398541e-001
     1    0    0  1.863680e-001  2.435141e-002  1.432511e-001  2.388447e-001
     1    0    0  1.612314e-001  2.224358e-002  1.222305e-001  2.097035e-001
     1    0    0  1.744003e-001  2.292793e-002  1.339049e-001  2.239751e-001
     1    0    0  1.209289e-001  2.003036e-002  8.682975e-002  1.659851e-001
     1    0    0  1.237459e-001  2.097812e-002  8.813520e-002  1.710461e-001
     1    0    0  1.505365e-001  2.137789e-002  1.132397e-001  1.973831e-001
     1    0    0  1.764270e-001  2.303538e-002  1.356997e-001  2.261789e-001
     1    0    0  1.787944e-001  2.387074e-002  1.366746e-001  2.304299e-001
     1    0    0  1.799688e-001  2.423249e-002  1.372420e-001  2.324143e-001
     1    0    0  1.518056e-001  2.232294e-002  1.130148e-001  2.008953e-001
     1    0    0  2.083567e-001  2.424110e-002  1.648037e-001  2.598387e-001
     1    0    0  2.101373e-001  2.491005e-002  1.654460e-001  2.630951e-001
     1    0    0  2.003194e-001  2.422475e-002  1.570031e-001  2.520138e-001
     1    0    0  1.447637e-001  2.177969e-002  1.070656e-001  1.928683e-001
     1    0    0  1.683047e-001  2.245332e-002  1.287467e-001  2.169899e-001
     1    0    0  1.673824e-001  2.278339e-002  1.273369e-001  2.168915e-001
     1    0    0  1.653320e-001  2.322843e-002  1.246629e-001  2.159949e-001
     1    0    0  1.868671e-001  2.369471e-002  1.447806e-001  2.377863e-001
     1    0    0  2.106202e-001  2.496774e-002  1.658221e-001  2.636951e-001
     1    0    0  1.666072e-001  2.255837e-002  1.269388e-001  2.156106e-001
     1    0    0  1.938377e-001  2.339485e-002  1.520385e-001  2.438242e-001
     1    0    0  1.959944e-001  2.392779e-002  1.532758e-001  2.471437e-001
     1    0    0  1.584606e-001  2.236471e-002  1.193663e-001  2.073442e-001
     1    0    0  1.784352e-001  2.335796e-002  1.371362e-001  2.288727e-001
     1    0    0  1.308928e-001  2.083345e-002  9.517424e-002  1.773884e-001
     1    0    0  1.682150e-001  2.306504e-002  1.277022e-001  2.183627e-001
     1    0    0  1.584470e-001  2.361224e-002  1.174392e-001  2.103611e-001
     1    0    0  1.515027e-001  2.207795e-002  1.130973e-001  2.000087e-001
     1    0    0  1.617947e-001  2.217048e-002  1.228890e-001  2.100677e-001
     1    0    0  1.505801e-001  2.109088e-002  1.137243e-001  1.967288e-001
     1    0    0  1.668045e-001  2.278286e-002  1.267788e-001  2.163361e-001
     1    0    0  1.556160e-001  2.314080e-002  1.154346e-001  2.065185e-001
     1    0    0  1.374086e-001  2.277602e-002  9.853477e-002  1.884135e-001
     1    0    0  1.466039e-001  2.117865e-002  1.097521e-001  1.931449e-001
     1    0    0  1.903112e-001  2.411240e-002  1.474567e-001  2.420837e-001
     1    0    0  1.361033e-001  2.171853e-002  9.884910e-002  1.845230e-001
     1    0    0  1.617977e-001  2.245587e-002  1.224480e-001  2.107559e-001
     1    0    0  1.513236e-001  2.258787e-002  1.121476e-001  2.010854e-001
     1    0    0  1.540092e-001  2.204605e-002  1.155623e-001  2.023211e-001
     1    0    0  1.507961e-001  2.238774e-002  1.119445e-001  2.000935e-001
     1    0    0  1.258746e-001  2.095759e-002  9.019462e-002  1.729856e-001
     1    0    0  1.852440e-001  2.288419e-002  1.445014e-001  2.343275e-001
     1    0    0  1.334168e-001  2.081570e-002  9.761941e-002  1.797266e-001
     1    0    0  1.405359e-001  2.200945e-002  1.026615e-001  1.894334e-001
     1    0    0  1.645832e-001  2.238627e-002  1.252495e-001  2.132579e-001
     1    0    0  1.814375e-001  2.323865e-002  1.402373e-001  2.314830e-001
     1    0    0  1.612988e-001  2.265323e-002  1.216600e-001  2.107536e-001
     1    0    0  1.829572e-001  2.245159e-002  1.429723e-001  2.311092e-001
     1    0    0  1.847270e-001  2.278496e-002  1.441580e-001  2.335967e-001
     1    0    0  1.535614e-001  2.111856e-002  1.165629e-001  1.996495e-001
     1    0    0  1.580197e-001  2.195222e-002  1.195790e-001  2.059275e-001
     1    0    0  1.931370e-001  2.343607e-002  1.512900e-001  2.432415e-001
     1    0    0  1.344072e-001  2.113590e-002  9.809126e-002  1.814631e-001
     1    0    0  1.298080e-001  2.030234e-002  9.492457e-002  1.750315e-001
     1    0    0  1.531654e-001  2.157155e-002  1.154790e-001  2.003646e-001
     1    0    0  1.847147e-001  2.365248e-002  1.427588e-001  2.356122e-001
     1    0    0  1.645318e-001  2.320763e-002  1.239227e-001  2.151798e-001
     1    0    0  1.485497e-001  2.154822e-002  1.110622e-001  1.959020e-001
     1    0    0  1.927375e-001  2.454563e-002  1.491191e-001  2.454343e-001
     1    0    0  1.795651e-001  2.402732e-002  1.371741e-001  2.315408e-001
     1    0    0  2.019858e-001  2.386937e-002  1.592024e-001  2.528096e-001
     1    0    0  1.753107e-001  2.300492e-002  1.346658e-001  2.250329e-001
     1    0    0  1.802637e-001  2.319716e-002  1.391643e-001  2.302544e-001
     1    0    0  1.430546e-001  2.154797e-002  1.057732e-001  1.906745e-001
     1    0    0  1.562857e-001  2.253151e-002  1.170114e-001  2.056717e-001
     1    0    0  1.520581e-001  2.283268e-002  1.124820e-001  2.023836e-001
     1    0    0  1.272433e-001  2.048092e-002  9.220281e-002  1.730617e-001
     1    0    0  2.118134e-001  2.474461e-002  1.673488e-001  2.643416e-001
     1    0    0  2.207969e-001  2.506691e-002  1.755781e-001  2.737940e-001
     1    0    0  1.838547e-001  2.432502e-002  1.408578e-001  2.363654e-001
     1    0    0  1.494578e-001  2.110487e-002  1.126189e-001  1.956897e-001
     1    0    0  1.691453e-001  2.301666e-002  1.286775e-001  2.191390e-001
     1    0    0  1.123533e-001  2.001175e-002  7.869457e-002  1.579404e-001
     1    0    0  1.454871e-001  2.101320e-002  1.089286e-001  1.916760e-001
     1    0    0  1.785397e-001  2.302024e-002  1.377727e-001  2.281774e-001
     1    0    0  1.490487e-001  2.272182e-002  1.097585e-001  1.992557e-001
     1    0    0  1.636914e-001  2.255937e-002  1.241172e-001  2.128177e-001
     1    0    0  1.532748e-001  2.264872e-002  1.139321e-001  2.030894e-001
     1    0    0  1.592169e-001  2.148389e-002  1.214660e-001  2.059502e-001
     1    0    0  1.471460e-001  2.198792e-002  1.090408e-001  1.956433e-001
     1    0    0  1.584846e-001  2.205565e-002  1.198678e-001  2.066216e-001
     1    0    0  1.228649e-001  2.043441e-002  8.808723e-002  1.688311e-001
     1    0    0  1.389517e-001  2.127686e-002  1.022400e-001  1.861128e-001
     1    0    0  1.877211e-001  2.347750e-002  1.459575e-001  2.381032e-001
     1    0    0  1.415594e-001  2.157036e-002  1.043026e-001  1.893115e-001
     1    0    0  1.666313e-001  2.292315e-002  1.263925e-001  2.165058e-001
     1    0    0  1.492894e-001  2.212213e-002  1.108989e-001  1.980101e-001
     1    0    0  1.665789e-001  2.210066e-002  1.276291e-001  2.144927e-001
     1    0    0  1.426058e-001  2.159038e-002  1.052778e-001  1.903534e-001
     1    0    0  1.834236e-001  2.234342e-002  1.435999e-001  2.313083e-001
     1    0    0  1.859502e-001  2.224586e-002  1.462169e-001  2.335274e-001
     1    0    0  1.752826e-001  2.251103e-002  1.354206e-001  2.238403e-001
     1    0    0  1.778005e-001  2.307321e-002  1.369716e-001  2.275902e-001
     1    0    0  1.675536e-001  2.199832e-002  1.287349e-001  2.151868e-001
     1    0    0  1.874958e-001  2.366195e-002  1.454434e-001  2.383162e-001
     1    0    0  1.428153e-001  2.149781e-002  1.056191e-001  1.903236e-001
     1    0    0  1.836739e-001  2.299281e-002  1.428012e-001  2.330644e-001
     1    0    0  1.891916e-001  2.445108e-002  1.458301e-001  2.417966e-001
     1    0    0  2.132789e-001  2.412981e-002  1.697869e-001  2.643641e-001
     1    0    0  1.794769e-001  2.415512e-002  1.368876e-001  2.317588e-001
     1    0    0  1.155185e-001  1.939026e-002  8.260003e-002  1.592783e-001
     1    0    0  1.865820e-001  2.325113e-002  1.452134e-001  2.364754e-001
     1    0    0  1.764100e-001  2.344976e-002  1.350290e-001  2.271424e-001
     1    0    0  1.814547e-001  2.214678e-002  1.420004e-001  2.289461e-001
     1    0    0  1.570565e-001  2.211146e-002  1.184021e-001  2.053903e-001
     1    0    0  1.757744e-001  2.291792e-002  1.352528e-001  2.252735e-001
     1    0    0  1.875677e-001  2.286073e-002  1.467992e-001  2.365196e-001
     1    0    0  1.924518e-001  2.346310e-002  1.505797e-001  2.426413e-001
     1    0    0  1.671344e-001  2.196370e-002  1.283830e-001  2.147013e-001
     1    0    0  1.550156e-001  2.118101e-002  1.178724e-001  2.011935e-001
     1    0    0  1.785726e-001  2.359325e-002  1.368974e-001  2.295604e-001
     1    0    0  1.537942e-001  2.223325e-002  1.150675e-001  2.025709e-001
     1    0    0  1.627455e-001  2.142977e-002  1.249690e-001  2.092110e-001
     1    0    0  1.309231e-001  2.069249e-002  9.541260e-002  1.770628e-001
     1    0    0  1.410475e-001  2.158523e-002  1.037886e-001  1.888632e-001
     1    0    0  1.570284e-001  2.158097e-002  1.191972e-001  2.040845e-001
     1    0    0  1.661138e-001  2.284050e-002  1.260211e-001  2.158122e-001
     1    0    0  1.896921e-001  2.273110e-002  1.490762e-001  2.382751e-001
     1    0    0  1.344844e-001  2.156903e-002  9.752146e-002  1.826221e-001
     1    0    0  1.547557e-001  2.230743e-002  1.158806e-001  2.036682e-001
     1    0    0  1.876031e-001  2.333222e-002  1.460758e-001  2.376506e-001
     1    0    0  1.847264e-001  2.294592e-002  1.438992e-001  2.339714e-001
     1    0    0  1.733747e-001  2.263746e-002  1.333696e-001  2.223014e-001
     1    0    0  1.389034e-001  2.153702e-002  1.018031e-001  1.867136e-001
     1    0    0  1.873888e-001  2.365754e-002  1.453465e-001  2.382027e-001
     1    0    0  1.995298e-001  2.471372e-002  1.554455e-001  2.523803e-001
     1    0    0  1.871798e-001  2.380364e-002  1.449102e-001  2.383425e-001
     1    0    0  1.654994e-001  2.340183e-002  1.245560e-001  2.165722e-001
     1    0    0  1.517690e-001  2.189533e-002  1.136337e-001  1.998175e-001
     1    0    0  1.685525e-001  2.285779e-002  1.283525e-001  2.181914e-001
     1    0    0  1.582230e-001  2.173768e-002  1.201087e-001  2.056059e-001
     1    0    0  1.144350e-001  1.982186e-002  8.094385e-002  1.593803e-001
     1    0    0  1.645319e-001  2.289975e-002  1.244002e-001  2.144395e-001
     1    0    0  1.945827e-001  2.311973e-002  1.532095e-001  2.439103e-001
     1    0    0  1.670323e-001  2.215563e-002  1.279820e-001  2.150592e-001
     1    0    0  1.739027e-001  2.311111e-002  1.331340e-001  2.239306e-001
     1    0    0  1.652787e-001  2.303541e-002  1.249109e-001  2.154800e-001
     1    0    0  1.791813e-001  2.262328e-002  1.390272e-001  2.278634e-001
     1    0    0  1.706842e-001  2.351814e-002  1.293823e-001  2.218117e-001
     1    0    0  1.628211e-001  2.217946e-002  1.238677e-001  2.110732e-001
     1    0    0  1.977615e-001  2.402249e-002  1.548417e-001  2.490719e-001
     1    0    0  1.363274e-001  2.084216e-002  1.003733e-001  1.825472e-001
     1    0    0  1.793562e-001  2.290732e-002  1.387445e-001  2.286987e-001
     1    0    0  1.414224e-001  2.128169e-002  1.046067e-001  1.884679e-001
     1    0    0  1.289706e-001  2.084804e-002  9.331310e-002  1.756147e-001
     1    0    0  1.589935e-001  2.359955e-002  1.179841e-001  2.108496e-001
     1    0    0  1.583455e-001  2.194434e-002  1.199060e-001  2.062203e-001
     1    0    0  1.642260e-001  2.389544e-002  1.225673e-001  2.165492e-001
     1    0    0  1.828534e-001  2.314146e-002  1.417667e-001  2.326203e-001
     1    0    0  1.380430e-001  2.135420e-002  1.012516e-001  1.854446e-001
     1    0    0  1.859715e-001  2.387321e-002  1.436266e-001  2.373407e-001
     1    0    0  1.917952e-001  2.394493e-002  1.491662e-001  2.431256e-001
     1    0    0  1.371538e-001  2.119070e-002  1.006434e-001  1.841963e-001
     1    0    0  1.914267e-001  2.339168e-002  1.496978e-001  2.414843e-001
     1    0    0  1.761127e-001  2.364449e-002  1.344347e-001  2.273184e-001
     1    0    0  1.770290e-001  2.298670e-002  1.363605e-001  2.266435e-001
     1    0    0  2.049954e-001  2.451242e-002  1.610871e-001  2.572025e-001
     1    0    0  1.810241e-001  2.324788e-002  1.398214e-001  2.311062e-001
     1    0    0  1.407614e-001  2.152662e-002  1.036021e-001  1.884469e-001
     1    0    0  1.475457e-001  2.222945e-002  1.090590e-001  1.966169e-001
     1    0    0  1.423942e-001  2.132598e-002  1.054741e-001  1.894999e-001
     1    0    0  1.611656e-001  2.230302e-002  1.220745e-001  2.097833e-001
     1    0    0  1.522888e-001  2.226480e-002  1.135689e-001  2.012133e-001
     1    0    0  1.690516e-001  2.385131e-002  1.272876e-001  2.210479e-001
     1    0    0  1.816752e-001  2.324734e-002  1.404542e-001  2.317324e-001
     1    0    0  1.362373e-001  2.236229e-002  9.802521e-002  1.862690e-001
     1    0    0  1.570651e-001  2.193886e-002  1.186774e-001  2.049817e-001
     1    0    0  1.496077e-001  2.212141e-002  1.112063e-001  1.983110e-001
     1    0    0  1.862568e-001  2.359279e-002  1.443508e-001  2.369593e-001
     1    0    0  1.312089e-001  2.038188e-002  9.614962e-002  1.765548e-001
     1    0    0  1.351924e-001  2.134572e-002  9.853113e-002  1.827296e-001
     1    0    0  1.468625e-001  2.173693e-002  1.091494e-001  1.947575e-001
     1    0    0  1.643980e-001  2.187742e-002  1.258670e-001  2.118655e-001
     1    0    0  2.030712e-001  2.317744e-002  1.613908e-001  2.522776e-001
     1    0    0  1.735033e-001  2.357029e-002  1.320263e-001  2.246381e-001
     1    0    0  1.928059e-001  2.359823e-002  1.507063e-001  2.432970e-001
     1    0    0  1.320543e-001  2.068582e-002  9.650678e-002  1.781143e-001
     1    0    0  1.813456e-001  2.291170e-002  1.406691e-001  2.306276e-001
     1    0    0  1.604399e-001  2.284236e-002  1.205389e-001  2.103893e-001
     1    0    0  1.422039e-001  2.109464e-002  1.056418e-001  1.887494e-001
     1    0    0  2.131977e-001  2.366427e-002  1.704755e-001  2.632288e-001
     1    0    0  1.717160e-001  2.307060e-002  1.310805e-001  2.217342e-001
     1    0    0  1.779372e-001  2.311808e-002  1.370331e-001  2.278277e-001
     1    0    0  1.641421e-001  2.213790e-002  1.252109e-001  2.122411e-001
     1    0    0  1.687360e-001  2.276188e-002  1.286803e-001  2.181388e-001
     1    0    0  1.575489e-001  2.211857e-002  1.188665e-001  2.058782e-001
     1    0    0  1.338406e-001  2.051097e-002  9.848238e-002  1.793676e-001
     1    0    0  1.464191e-001  2.224835e-002  1.079480e-001  1.955947e-001
     1    0    0  1.529597e-001  2.263729e-002  1.136462e-001  2.027617e-001
     1    0    0  1.509002e-001  2.214834e-002  1.124094e-001  1.996067e-001
     1    0    0  1.462741e-001  2.202350e-002  1.081486e-001  1.949028e-001
     1    0    0  1.325937e-001  2.080451e-002  9.684699e-002  1.789210e-001
     1    0    0  1.731531e-001  2.259037e-002  1.332292e-001  2.219769e-001
     1    0    0  1.558589e-001  2.202804e-002  1.173748e-001  2.040439e-001
     1    0    0  1.965802e-001  2.469196e-002  1.526152e-001  2.494818e-001
     1    0    0  2.039607e-001  2.323075e-002  1.621714e-001  2.532634e-001
     1    0    0  1.615598e-001  2.178257e-002  1.232671e-001  2.089135e-001
     1    0    0  1.798481e-001  2.298341e-002  1.391009e-001  2.293516e-001
     1    0    0  1.507246e-001  2.233544e-002  1.119552e-001  1.998974e-001
     1    0    0  1.364780e-001  2.146197e-002  9.958977e-002  1.842341e-001
     1    0    0  1.595808e-001  2.233388e-002  1.204955e-001  2.083408e-001
     1    0    0  1.813188e-001  2.364433e-002  1.394780e-001  2.323225e-001
