0  0  1  1  1  0.000000e+000
1  0  0  0  99999  1.000000e+000
2  0  0  0  99999  1.000000e+000
3  0  0  1  3  1.000000e+000
4  0  0  0  99999  1.000000e+000
5  1  1  1  1  0.000000e+000
6  1  0  0  99999  1.000000e+000
7  1  0  0  99999  1.000000e+000
8  1  0  0  99999  1.000000e+000
9  1  0  0  99999  1.000000e+000
10  2  1  1  1  0.000000e+000
11  2  0  0  99999  0.000000e+000
12  2  0  0  99999  0.000000e+000
13  2  0  1  7  0.000000e+000
14  2  0  0  99999  0.000000e+000
15  3  1  1  1  0.000000e+000
16  3  0  0  99999  1.000000e+000
17  3  0  0  99999  1.000000e+000
18  3  0  0  99999  1.000000e+000
19  3  0  1  4  1.000000e+000
20  4  1  1  1  0.000000e+000
21  4  0  1  8  1.000000e+000
22  4  0  1  3  1.000000e+000
23  4  0  0  99999  1.000000e+000
24  4  0  0  99999  1.000000e+000
25  5  1  1  1  0.000000e+000
26  5  0  0  99999  0.000000e+000
27  5  0  1  88  0.000000e+000
28  5  0  0  99999  0.000000e+000
29  5  0  1  90  0.000000e+000
30  6  1  1  1  0.000000e+000
31  6  0  0  99999  0.000000e+000
32  6  0  0  99999  0.000000e+000
33  6  0  0  99999  0.000000e+000
34  6  0  0  99999  0.000000e+000
35  7  1  1  1  1.000000e+000
36  7  0  1  5  0.000000e+000
37  7  0  0  99999  0.000000e+000
38  7  0  0  99999  0.000000e+000
39  7  0  1  85  0.000000e+000
40  8  1  1  1  0.000000e+000
41  8  0  1  4  0.000000e+000
42  8  0  1  8  0.000000e+000
43  8  0  0  99999  0.000000e+000
44  8  0  0  99999  0.000000e+000
45  9  1  1  1  1.000000e+000
46  9  0  0  99999  1.000000e+000
47  9  0  0  99999  1.000000e+000
48  9  0  0  99999  1.000000e+000
49  9  0  0  99999  1.000000e+000
50  10  1  1  1  1.000000e+000
51  10  0  0  99999  1.000000e+000
52  10  0  0  99999  1.000000e+000
53  10  0  0  99999  1.000000e+000
54  10  0  0  99999  1.000000e+000
55  11  1  1  1  1.000000e+000
56  11  0  0  99999  0.000000e+000
57  11  0  1  9  0.000000e+000
58  11  0  0  99999  0.000000e+000
59  11  0  0  99999  0.000000e+000
60  12  1  1  1  0.000000e+000
61  12  0  1  3  1.000000e+000
62  12  0  0  99999  1.000000e+000
63  12  0  0  99999  1.000000e+000
64  12  0  0  99999  1.000000e+000
65  13  1  1  1  1.000000e+000
66  13  0  0  99999  0.000000e+000
67  13  0  0  99999  0.000000e+000
68  13  0  0  99999  0.000000e+000
69  13  0  0  99999  0.000000e+000
70  14  1  1  1  1.000000e+000
71  14  0  0  99999  1.000000e+000
72  14  0  0  99999  1.000000e+000
73  14  0  0  99999  1.000000e+000
74  14  0  0  99999  1.000000e+000
75  15  1  1  1  0.000000e+000
76  15  0  0  99999  1.000000e+000
77  15  0  0  99999  1.000000e+000
78  15  0  0  99999  1.000000e+000
79  15  0  0  99999  1.000000e+000
80  16  1  1  1  0.000000e+000
81  16  0  0  99999  0.000000e+000
82  16  0  0  99999  0.000000e+000
83  16  0  0  99999  0.000000e+000
84  16  0  0  99999  0.000000e+000
85  17  1  1  1  0.000000e+000
86  17  0  0  99999  1.000000e+000
87  17  0  0  99999  1.000000e+000
88  17  0  0  99999  1.000000e+000
89  17  0  0  99999  1.000000e+000
90  18  1  1  1  0.000000e+000
91  18  0  1  12  0.000000e+000
92  18  0  1  4  0.000000e+000
93  18  0  1  8  0.000000e+000
94  18  0  0  99999  0.000000e+000
95  19  1  1  1  1.000000e+000
96  19  0  0  99999  0.000000e+000
97  19  0  1  44  0.000000e+000
98  19  0  1  38  0.000000e+000
99  19  0  0  99999  0.000000e+000
100  20  1  1  1  1.000000e+000
101  20  0  0  99999  0.000000e+000
102  20  0  0  99999  0.000000e+000
103  20  0  0  99999  0.000000e+000
104  20  0  0  99999  0.000000e+000
105  21  1  1  1  0.000000e+000
106  21  0  1  6  1.000000e+000
107  21  0  0  99999  1.000000e+000
108  21  0  0  99999  1.000000e+000
109  21  0  0  99999  1.000000e+000
110  22  1  1  1  0.000000e+000
111  22  0  1  7  1.000000e+000
112  22  0  0  99999  1.000000e+000
113  22  0  0  99999  1.000000e+000
114  22  0  0  99999  1.000000e+000
115  23  1  1  1  0.000000e+000
116  23  0  0  99999  0.000000e+000
117  23  0  0  99999  0.000000e+000
118  23  0  0  99999  0.000000e+000
119  23  0  0  99999  0.000000e+000
120  24  1  1  1  0.000000e+000
121  24  0  1  5  1.000000e+000
122  24  0  0  99999  1.000000e+000
123  24  0  0  99999  1.000000e+000
124  24  0  0  99999  1.000000e+000
125  25  1  1  1  0.000000e+000
126  25  0  1  9  0.000000e+000
127  25  0  1  36  0.000000e+000
128  25  0  0  99999  0.000000e+000
129  25  0  1  5  0.000000e+000
130  26  1  1  1  0.000000e+000
131  26  0  1  12  0.000000e+000
132  26  0  1  86  0.000000e+000
133  26  0  0  99999  0.000000e+000
134  26  0  1  8  0.000000e+000
135  27  1  1  1  1.000000e+000
136  27  0  1  57  0.000000e+000
137  27  0  1  69  0.000000e+000
138  27  0  1  74  0.000000e+000
139  27  0  0  99999  0.000000e+000
140  28  1  1  1  1.000000e+000
141  28  0  0  99999  0.000000e+000
142  28  0  1  25  0.000000e+000
143  28  0  0  99999  0.000000e+000
144  28  0  0  99999  0.000000e+000
145  29  1  1  1  0.000000e+000
146  29  0  0  99999  0.000000e+000
147  29  0  1  91  0.000000e+000
148  29  0  0  99999  0.000000e+000
149  29  0  1  87  0.000000e+000
150  30  1  1  1  1.000000e+000
151  30  0  1  20  0.000000e+000
152  30  0  1  22  0.000000e+000
153  30  0  1  54  0.000000e+000
154  30  0  0  99999  0.000000e+000
155  31  1  1  1  0.000000e+000
156  31  0  1  5  0.000000e+000
157  31  0  1  5  0.000000e+000
158  31  0  1  3  0.000000e+000
159  31  0  0  99999  0.000000e+000
160  32  1  1  1  1.000000e+000
161  32  0  0  99999  1.000000e+000
162  32  0  0  99999  1.000000e+000
163  32  0  0  99999  1.000000e+000
164  32  0  0  99999  1.000000e+000
165  33  1  1  1  0.000000e+000
166  33  0  0  99999  1.000000e+000
167  33  0  0  99999  1.000000e+000
168  33  0  0  99999  1.000000e+000
169  33  0  0  99999  1.000000e+000
170  34  1  1  1  1.000000e+000
171  34  0  0  99999  1.000000e+000
172  34  0  0  99999  1.000000e+000
173  34  0  1  46  1.000000e+000
174  34  0  0  99999  1.000000e+000
175  35  1  1  1  1.000000e+000
176  35  0  1  11  0.000000e+000
177  35  0  1  10  0.000000e+000
178  35  0  1  6  0.000000e+000
179  35  0  1  8  0.000000e+000
180  36  1  1  1  1.000000e+000
181  36  0  1  4  0.000000e+000
182  36  0  1  8  0.000000e+000
183  36  0  0  99999  0.000000e+000
184  36  0  0  99999  0.000000e+000
185  37  1  1  1  0.000000e+000
186  37  0  1  5  0.000000e+000
187  37  0  1  6  0.000000e+000
188  37  0  1  12  0.000000e+000
189  37  0  1  4  0.000000e+000
190  38  1  1  1  1.000000e+000
191  38  0  0  99999  1.000000e+000
192  38  0  1  3  1.000000e+000
193  38  0  0  99999  1.000000e+000
194  38  0  0  99999  1.000000e+000
195  39  1  1  1  1.000000e+000
196  39  0  0  99999  1.000000e+000
197  39  0  0  99999  1.000000e+000
198  39  0  0  99999  1.000000e+000
199  39  0  0  99999  1.000000e+000
200  40  1  1  1  0.000000e+000
201  40  0  0  99999  0.000000e+000
202  40  0  0  99999  0.000000e+000
203  40  0  0  99999  0.000000e+000
204  40  0  0  99999  0.000000e+000
205  41  1  1  1  0.000000e+000
206  41  0  0  99999  1.000000e+000
207  41  0  0  99999  1.000000e+000
208  41  0  1  5  1.000000e+000
209  41  0  0  99999  1.000000e+000
210  42  1  1  1  1.000000e+000
211  42  0  0  99999  1.000000e+000
212  42  0  0  99999  1.000000e+000
213  42  0  0  99999  1.000000e+000
214  42  0  0  99999  1.000000e+000
215  43  1  1  1  0.000000e+000
216  43  0  1  7  0.000000e+000
217  43  0  1  5  0.000000e+000
218  43  0  1  10  0.000000e+000
219  43  0  1  6  0.000000e+000
220  44  1  1  1  0.000000e+000
221  44  0  0  99999  0.000000e+000
222  44  0  0  99999  0.000000e+000
223  44  0  0  99999  0.000000e+000
224  44  0  0  99999  0.000000e+000
225  45  1  1  1  1.000000e+000
226  45  0  0  99999  0.000000e+000
227  45  0  1  92  0.000000e+000
228  45  0  1  4  0.000000e+000
229  45  0  0  99999  0.000000e+000
230  46  1  1  1  0.000000e+000
231  46  0  0  99999  1.000000e+000
232  46  0  0  99999  1.000000e+000
233  46  0  0  99999  1.000000e+000
234  46  0  0  99999  1.000000e+000
235  47  1  1  1  0.000000e+000
236  47  0  1  61  0.000000e+000
237  47  0  1  73  0.000000e+000
238  47  0  0  99999  0.000000e+000
239  47  0  1  65  0.000000e+000
240  48  1  1  1  1.000000e+000
241  48  0  0  99999  0.000000e+000
242  48  0  0  99999  0.000000e+000
243  48  0  0  99999  0.000000e+000
244  48  0  0  99999  0.000000e+000
245  49  1  1  1  1.000000e+000
246  49  0  1  7  0.000000e+000
247  49  0  0  99999  0.000000e+000
248  49  0  0  99999  0.000000e+000
249  49  0  0  99999  0.000000e+000
250  50  1  1  1  0.000000e+000
251  50  0  0  99999  0.000000e+000
252  50  0  0  99999  0.000000e+000
253  50  0  0  99999  0.000000e+000
254  50  0  1  6  0.000000e+000
255  51  1  1  1  0.000000e+000
256  51  0  1  5  0.000000e+000
257  51  0  1  4  0.000000e+000
258  51  0  1  6  0.000000e+000
259  51  0  1  9  0.000000e+000
260  52  1  1  1  1.000000e+000
261  52  0  1  5  0.000000e+000
262  52  0  0  99999  0.000000e+000
263  52  0  1  5  0.000000e+000
264  52  0  0  99999  0.000000e+000
265  53  1  1  1  0.000000e+000
266  53  0  0  99999  1.000000e+000
267  53  0  0  99999  1.000000e+000
268  53  0  0  99999  1.000000e+000
269  53  0  0  99999  1.000000e+000
270  54  1  1  1  1.000000e+000
271  54  0  0  99999  1.000000e+000
272  54  0  0  99999  1.000000e+000
273  54  0  0  99999  1.000000e+000
274  54  0  0  99999  1.000000e+000
275  55  1  1  1  1.000000e+000
276  55  0  1  10  0.000000e+000
277  55  0  1  5  0.000000e+000
278  55  0  0  99999  0.000000e+000
279  55  0  0  99999  0.000000e+000
280  56  1  1  1  0.000000e+000
281  56  0  1  33  1.000000e+000
282  56  0  0  99999  1.000000e+000
283  56  0  0  99999  1.000000e+000
284  56  0  1  27  1.000000e+000
285  57  1  1  1  1.000000e+000
286  57  0  1  44  0.000000e+000
287  57  0  0  99999  0.000000e+000
288  57  0  1  5  0.000000e+000
289  57  0  1  83  0.000000e+000
290  58  1  1  1  1.000000e+000
291  58  0  0  99999  0.000000e+000
292  58  0  0  99999  0.000000e+000
293  58  0  0  99999  0.000000e+000
294  58  0  1  6  0.000000e+000
295  59  1  1  1  1.000000e+000
296  59  0  0  99999  0.000000e+000
297  59  0  1  44  0.000000e+000
298  59  0  0  99999  0.000000e+000
299  59  0  0  99999  0.000000e+000
300  60  1  1  1  1.000000e+000
301  60  0  0  99999  1.000000e+000
302  60  0  0  99999  1.000000e+000
303  60  0  0  99999  1.000000e+000
304  60  0  0  99999  1.000000e+000
305  61  1  1  1  0.000000e+000
306  61  0  0  99999  0.000000e+000
307  61  0  0  99999  0.000000e+000
308  61  0  0  99999  0.000000e+000
309  61  0  0  99999  0.000000e+000
310  62  1  1  1  0.000000e+000
311  62  0  0  99999  0.000000e+000
312  62  0  0  99999  0.000000e+000
313  62  0  0  99999  0.000000e+000
314  62  0  0  99999  0.000000e+000
315  63  1  1  1  0.000000e+000
316  63  0  0  99999  0.000000e+000
317  63  0  0  99999  0.000000e+000
318  63  0  0  99999  0.000000e+000
319  63  0  1  6  0.000000e+000
320  64  1  1  1  1.000000e+000
321  64  0  0  99999  1.000000e+000
322  64  0  0  99999  1.000000e+000
323  64  0  0  99999  1.000000e+000
324  64  0  0  99999  1.000000e+000
325  65  1  1  1  0.000000e+000
326  65  0  1  70  1.000000e+000
327  65  0  0  99999  1.000000e+000
328  65  0  1  86  1.000000e+000
329  65  0  0  99999  1.000000e+000
330  66  1  1  1  1.000000e+000
331  66  0  0  99999  1.000000e+000
332  66  0  1  9  1.000000e+000
333  66  0  1  35  1.000000e+000
334  66  0  1  41  1.000000e+000
335  67  1  1  1  1.000000e+000
336  67  0  0  99999  1.000000e+000
337  67  0  0  99999  1.000000e+000
338  67  0  0  99999  1.000000e+000
339  67  0  0  99999  1.000000e+000
340  68  1  1  1  1.000000e+000
341  68  0  0  99999  0.000000e+000
342  68  0  0  99999  0.000000e+000
343  68  0  0  99999  0.000000e+000
344  68  0  0  99999  0.000000e+000
345  69  1  1  1  0.000000e+000
346  69  0  0  99999  0.000000e+000
347  69  0  1  5  0.000000e+000
348  69  0  0  99999  0.000000e+000
349  69  0  0  99999  0.000000e+000
350  70  1  1  1  0.000000e+000
351  70  0  1  10  0.000000e+000
352  70  0  1  4  0.000000e+000
353  70  0  1  7  0.000000e+000
354  70  0  1  11  0.000000e+000
355  71  1  1  1  1.000000e+000
356  71  0  0  99999  0.000000e+000
357  71  0  1  12  0.000000e+000
358  71  0  1  8  0.000000e+000
359  71  0  1  5  0.000000e+000
360  72  1  1  1  0.000000e+000
361  72  0  1  93  0.000000e+000
362  72  0  1  2  0.000000e+000
363  72  0  0  99999  0.000000e+000
364  72  0  0  99999  0.000000e+000
365  73  1  1  1  0.000000e+000
366  73  0  1  2  1.000000e+000
367  73  0  0  99999  1.000000e+000
368  73  0  0  99999  1.000000e+000
369  73  0  0  99999  1.000000e+000
370  74  1  1  1  1.000000e+000
371  74  0  0  99999  0.000000e+000
372  74  0  0  99999  0.000000e+000
373  74  0  0  99999  0.000000e+000
374  74  0  0  99999  0.000000e+000
375  75  1  1  1  0.000000e+000
376  75  0  1  57  0.000000e+000
377  75  0  1  94  0.000000e+000
378  75  0  1  60  0.000000e+000
379  75  0  0  99999  0.000000e+000
380  76  1  1  1  1.000000e+000
381  76  0  0  99999  0.000000e+000
382  76  0  0  99999  0.000000e+000
383  76  0  0  99999  0.000000e+000
384  76  0  0  99999  0.000000e+000
385  77  1  1  1  0.000000e+000
386  77  0  1  4  0.000000e+000
387  77  0  0  99999  0.000000e+000
388  77  0  1  4  0.000000e+000
389  77  0  1  3  0.000000e+000
390  78  1  1  1  1.000000e+000
391  78  0  0  99999  1.000000e+000
392  78  0  0  99999  1.000000e+000
393  78  0  0  99999  1.000000e+000
394  78  0  0  99999  1.000000e+000
395  79  1  1  1  0.000000e+000
396  79  0  0  99999  0.000000e+000
397  79  0  1  81  0.000000e+000
398  79  0  0  99999  0.000000e+000
399  79  0  0  99999  0.000000e+000
400  80  1  1  1  1.000000e+000
401  80  0  0  99999  1.000000e+000
402  80  0  0  99999  1.000000e+000
403  80  0  0  99999  1.000000e+000
404  80  0  0  99999  1.000000e+000
405  81  1  1  1  1.000000e+000
406  81  0  0  99999  0.000000e+000
407  81  0  0  99999  0.000000e+000
408  81  0  0  99999  0.000000e+000
409  81  0  0  99999  0.000000e+000
410  82  1  1  1  1.000000e+000
411  82  0  1  78  0.000000e+000
412  82  0  1  75  0.000000e+000
413  82  0  1  80  0.000000e+000
414  82  0  1  82  0.000000e+000
415  83  1  1  1  0.000000e+000
416  83  0  0  99999  1.000000e+000
417  83  0  0  99999  1.000000e+000
418  83  0  0  99999  1.000000e+000
419  83  0  0  99999  1.000000e+000
420  84  1  1  1  0.000000e+000
421  84  0  0  99999  1.000000e+000
422  84  0  0  99999  1.000000e+000
423  84  0  0  99999  1.000000e+000
424  84  0  0  99999  1.000000e+000
425  85  1  1  1  1.000000e+000
426  85  0  1  39  0.000000e+000
427  85  0  1  42  0.000000e+000
428  85  0  1  45  0.000000e+000
429  85  0  1  18  0.000000e+000
430  86  1  1  1  1.000000e+000
431  86  0  0  99999  1.000000e+000
432  86  0  0  99999  1.000000e+000
433  86  0  0  99999  1.000000e+000
434  86  0  1  39  1.000000e+000
435  87  1  1  1  1.000000e+000
436  87  0  0  99999  0.000000e+000
437  87  0  1  2  0.000000e+000
438  87  0  0  99999  0.000000e+000
439  87  0  0  99999  0.000000e+000
440  88  1  1  1  1.000000e+000
441  88  0  1  12  1.000000e+000
442  88  0  1  9  1.000000e+000
443  88  0  0  99999  1.000000e+000
444  88  0  0  99999  1.000000e+000
445  89  1  1  1  1.000000e+000
446  89  0  0  99999  0.000000e+000
447  89  0  0  99999  0.000000e+000
448  89  0  0  99999  0.000000e+000
449  89  0  0  99999  0.000000e+000
450  90  1  1  1  0.000000e+000
451  90  0  1  9  0.000000e+000
452  90  0  0  99999  0.000000e+000
453  90  0  1  4  0.000000e+000
454  90  0  1  8  0.000000e+000
455  91  1  1  1  1.000000e+000
456  91  0  0  99999  0.000000e+000
457  91  0  1  90  0.000000e+000
458  91  0  0  99999  0.000000e+000
459  91  0  0  99999  0.000000e+000
460  92  1  1  1  1.000000e+000
461  92  0  0  99999  1.000000e+000
462  92  0  1  26  1.000000e+000
463  92  0  1  18  1.000000e+000
464  92  0  0  99999  1.000000e+000
465  93  1  1  1  1.000000e+000
466  93  0  0  99999  1.000000e+000
467  93  0  0  99999  1.000000e+000
468  93  0  0  99999  1.000000e+000
469  93  0  0  99999  1.000000e+000
470  94  1  1  1  1.000000e+000
471  94  0  0  99999  1.000000e+000
472  94  0  0  99999  1.000000e+000
473  94  0  0  99999  1.000000e+000
474  94  0  0  99999  1.000000e+000
475  95  1  1  1  0.000000e+000
476  95  0  0  99999  1.000000e+000
477  95  0  0  99999  1.000000e+000
478  95  0  0  99999  1.000000e+000
479  95  0  0  99999  1.000000e+000
480  96  1  1  1  1.000000e+000
481  96  0  0  99999  0.000000e+000
482  96  0  0  99999  0.000000e+000
483  96  0  0  99999  0.000000e+000
484  96  0  0  99999  0.000000e+000
485  97  1  1  1  1.000000e+000
486  97  0  0  99999  0.000000e+000
487  97  0  0  99999  0.000000e+000
488  97  0  0  99999  0.000000e+000
489  97  0  0  99999  0.000000e+000
490  98  1  1  1  1.000000e+000
491  98  0  1  18  0.000000e+000
492  98  0  1  12  0.000000e+000
493  98  0  0  99999  0.000000e+000
494  98  0  0  99999  0.000000e+000
495  99  1  1  1  0.000000e+000
496  99  0  0  99999  1.000000e+000
497  99  0  0  99999  1.000000e+000
498  99  0  0  99999  1.000000e+000
499  99  0  0  99999  1.000000e+000
