     1    0    0      31            70919          5.813e+000          4.938e+000
     1    0    0      32            70901          5.943e+000          4.294e+000
     1    0    0      33            70886          5.068e+000          4.054e+000
     1    0    0      34            70860          7.673e+000          4.734e+000
     1    0    0      35            70839          1.046e+001          4.956e+000
     1    0    0      36            70813          1.148e+001          5.006e+000
     1    0    0      37            70764          1.001e+001          5.154e+000
     1    0    0      38            70721          1.283e+001          7.325e+000
     1    0    0      39            70654          1.458e+001          9.824e+000
     1    0    0      40            70586          1.807e+001          1.303e+001
     1    0    0      41            70527          2.115e+001          1.509e+001
     1    0    0      42            70456          2.925e+001          1.947e+001
     1    0    0      43            70401          3.434e+001          2.179e+001
     1    0    0      44            70307          3.629e+001          2.455e+001
     1    0    0      45            70228          4.196e+001          3.079e+001
     1    0    0      46            70151          4.229e+001          3.546e+001
     1    0    0      47            70099          4.621e+001          4.370e+001
     1    0    0      48            70048          5.452e+001          5.070e+001
     1    0    0      49            69976          5.755e+001          5.515e+001
     1    0    0      50            69915          6.355e+001          6.013e+001
     1    0    0      51            69859          5.557e+001          6.126e+001
     1    0    0      52            69777          5.645e+001          6.948e+001
     1    0    0      53            69693          5.716e+001          7.562e+001
     1    0    0      54            69580          6.815e+001          8.389e+001
     1    0    0      55            69580          7.738e+001          8.758e+001
     1    0    0      56                0          8.275e+001          9.222e+001
     1    0    0      57                0          9.293e+001          1.046e+002
     1    0    0      58                0          1.132e+002          1.238e+002
     1    0    0      59                0          1.108e+002          1.480e+002
     1    0    0      60                0          1.599e+002          2.288e+002
