     1    0    0      30  5.839721e-001  2.689568e-001  2.367836e-001  1.440232e+000
     1    0    0      31  6.671163e-001  2.509346e-001  3.191668e-001  1.394393e+000
     1    0    0      32  8.889458e-001  2.652706e-001  4.952942e-001  1.595465e+000
     1    0    0      33  1.109162e+000  3.119811e-001  6.390981e-001  1.924963e+000
     1    0    0      34  1.556486e+000  3.966171e-001  9.445869e-001  2.564772e+000
     1    0    0      35  2.390298e+000  4.866788e-001  1.603760e+000  3.562583e+000
     1    0    0      36  3.299058e+000  5.432800e-001  2.388987e+000  4.555815e+000
     1    0    0      37  3.931751e+000  5.653428e-001  2.966131e+000  5.211728e+000
     1    0    0      38  4.462320e+000  5.559973e-001  3.495429e+000  5.696668e+000
     1    0    0      39  4.708323e+000  5.240877e-001  3.785442e+000  5.856202e+000
     1    0    0      40  4.579970e+000  4.663211e-001  3.751404e+000  5.591540e+000
     1    0    0      41  4.297114e+000  4.070500e-001  3.568980e+000  5.173799e+000
     1    0    0      42  4.072393e+000  3.455220e-001  3.448484e+000  4.809182e+000
     1    0    0      43  3.945882e+000  3.013848e-001  3.397258e+000  4.583104e+000
     1    0    0      44  3.831203e+000  2.684235e-001  3.339618e+000  4.395148e+000
     1    0    0      45  3.557200e+000  2.308413e-001  3.132343e+000  4.039683e+000
     1    0    0      46  3.247983e+000  2.011729e-001  2.876678e+000  3.667214e+000
     1    0    0      47  2.815760e+000  1.727807e-001  2.496682e+000  3.175617e+000
     1    0    0      48  2.394718e+000  1.460573e-001  2.124895e+000  2.698804e+000
     1    0    0      49  2.039070e+000  1.243348e-001  1.809373e+000  2.297926e+000
     1    0    0      50  1.746343e+000  1.046846e-001  1.552756e+000  1.964065e+000
     1    0    0      51  1.495680e+000  9.086867e-002  1.327772e+000  1.684820e+000
     1    0    0      52  1.270394e+000  8.037414e-002  1.122237e+000  1.438112e+000
     1    0    0      53  1.034444e+000  7.259757e-002  9.015059e-001  1.186987e+000
     1    0    0      54  8.640869e-001  6.594328e-002  7.440401e-001  1.003503e+000
     1    0    0      55  7.779092e-001  5.993896e-002  6.688696e-001  9.047245e-001
     1    0    0      56  7.493707e-001  5.807302e-002  6.437705e-001  8.722931e-001
     1    0    0      57  7.627974e-001  5.992738e-002  6.539361e-001  8.897809e-001
     1    0    0      58  8.655294e-001  6.436075e-002  7.481443e-001  1.001333e+000
     1    0    0      59  9.940600e-001  7.058663e-002  8.649062e-001  1.142500e+000
