     1    0    0      0    9.396099e-004          3.091e-001
     1    0    0      1    2.341919e-003          3.091e-001
     1    0    0      2    5.622495e-003          3.091e-001
     1    0    0      3    1.139398e-002          3.091e-001
     1    0    0      4    2.148790e-002          3.091e-001
     1    0    0      5    3.760182e-002          3.091e-001
     1    0    0      6    6.519938e-002          3.321e-001
     1    0    0      7    2.796459e+000          8.878e+000
     1    0    0      8    5.421426e+000          1.170e+001
     1    0    0      9    1.012437e+001          1.487e+001
     1    0    0     10    1.465057e+001          1.735e+001
     1    0    0     11    2.261552e+001          1.918e+001
     1    0    0     12    1.511702e+001          1.179e+001
     1    0    0     13    1.305431e+001          9.848e+000
     1    0    0     14    1.074761e+001          8.603e+000
     1    0    0     15    8.872185e+000          7.294e+000
     1    0    0     16    6.028204e+000          5.929e+000
     1    0    0     17    5.183097e+000          4.214e+000
     1    0    0     18    4.105701e+000          3.164e+000
     1    0    0     19    3.571312e+000          2.729e+000
     1    0    0     20    2.070515e+000          1.965e+000
     1    0    0     21    1.885649e+000          1.689e+000
     1    0    0     22    2.114990e+000          1.545e+000
     1    0    0     23    1.858813e+000          8.618e-001
     1    0    0     24    1.521089e+000          6.623e-001
     1    0    0     25    1.183157e+000          5.127e-001
     1    0    0     26    1.096500e+000          5.124e-001
     1    0    0     27    6.994828e-001          5.135e-001
     1    0    0     28    4.200428e-001          2.986e-001
     1    0    0     29    2.974763e-001          2.920e-001
     1    0    0     30    1.598776e-001          2.421e-001
     1    0    0     31    9.309511e-002          2.028e-001
     1    0    0     32    1.054760e-001          1.955e-001
     1    0    0     33    1.096292e-001          1.833e-001
     1    0    0     34    1.029160e-001          1.615e-001
     1    0    0     35    8.392655e-002          1.303e-001
     1    0    0     36    8.734845e-002          1.212e-001
     1    0    0     37    8.558858e-002          1.107e-001
     1    0    0     38    5.095115e-002          6.924e-002
     1    0    0     39    4.180855e-002          5.446e-002
     1    0    0     40    3.019244e-002          3.879e-002
     1    0    0     41    1.955971e-002          2.522e-002
     1    0    0     42    1.785267e-002          2.134e-002
     1    0    0     43    1.441084e-002          1.656e-002
     1    0    0     44    5.474638e-003          7.013e-003
     1    0    0     45    2.712208e-003          3.880e-003
     1    0    0     46    1.936197e-003          2.835e-003
     1    0    0     47    1.387624e-003          2.089e-003
     1    0    0     48    1.537022e-003          2.089e-003
     1    0    0     49    2.881629e-004          7.463e-004
     1    0    0     50    3.983790e-004          7.462e-004
     1    0    0     51    5.145220e-004          7.462e-004
     1    0    0     52    6.214569e-004          7.461e-004
     1    0    0     53    7.028747e-004          7.460e-004
     1    0    0     54    7.458225e-004          7.459e-004
